2.0923e+05,9.1574e+06,8.8976e+06,8.2589e+06,8.5082e+06,8.1546e+06
1.259e+06,5.9706e+07,6.888e+07,5.6212e+07,5.573e+07,5.5241e+07
13047,2.3699e+06,2.3988e+06,2.3216e+06,2.1169e+06,2.0291e+06
59288,8.6088e+06,7.1569e+06,4.8419e+06,4.5358e+06,4.457e+06
4.116e+05,1.8537e+07,1.898e+07,1.765e+07,1.8069e+07,1.6784e+07
41896,5.9227e+06,4.9132e+06,4.2255e+06,3.9248e+06,4.0877e+06
1.2031e+06,4.0798e+07,4.1651e+07,4.4451e+07,4.5989e+07,4.4191e+07
6.9904e+05,3.0084e+07,3.0887e+07,2.865e+07,2.999e+07,6.6941e+07
2.3698e+06,1.1172e+08,3.1086e+08,1.0006e+08,1.2884e+08,1.2603e+08
54452,4.2305e+06,4.0368e+06,4.0579e+06,3.8325e+06,3.7191e+06
37960,3.6652e+06,3.4734e+06,3.4703e+06,3.5579e+06,3.2952e+06
1.0857e+06,4.3416e+07,4.226e+07,3.8456e+07,3.9815e+07,3.863e+07
1.1238e+05,5.7643e+06,5.4276e+06,5.0831e+06,5.1528e+06,5.9068e+06
1.2122e+06,4.8015e+07,4.7894e+07,4.6397e+07,4.7792e+07,4.3342e+07
98121,5.5303e+06,5.4708e+06,5.1353e+06,5.1814e+06,4.9431e+06
29231,2.8048e+06,2.5577e+06,2.8742e+06,2.4805e+06,2.3437e+06
2.0424e+05,8.3421e+06,7.6812e+06,8.831e+06,8.8975e+06,8.7899e+06
38296,3.7765e+06,4.0524e+06,3.4413e+06,3.2478e+06,3.1339e+06
1.5408e+05,2.0554e+07,1.3248e+07,1.1583e+07,1.1251e+07,1.0446e+07
2.3698e+06,1.0938e+08,1.2797e+08,9.6901e+07,1.0173e+08,9.7275e+07
9.6878e+05,4.5311e+07,6.4336e+07,4.3125e+07,4.3788e+07,4.0694e+07
1.1366e+06,7.4123e+07,7.6401e+07,7.0509e+07,7.2804e+07,8.9153e+07
5.0766e+05,2.6996e+07,4.2564e+07,2.4525e+07,2.4833e+07,2.531e+07
9306,2.0858e+06,1.8886e+06,1.9263e+06,1.8241e+06,1.7867e+06
2.1964e+05,9.9423e+06,9.9122e+06,9.2099e+06,9.3537e+06,8.9198e+06
52587,4.8694e+06,5.0985e+06,4.5625e+06,4.4405e+06,4.2691e+06
89592,5.6142e+06,5.2895e+06,5.0026e+06,4.5118e+06,4.3789e+06
1.3013e+06,5.0035e+07,5.1187e+07,4.5124e+07,4.7948e+07,4.4712e+07
9.6878e+05,4.1934e+07,8.8353e+07,4.022e+07,4.0914e+07,4.6192e+07
34380,2.8911e+06,2.6643e+06,2.9306e+06,2.6348e+06,2.487e+06
1.1065e+05,9.6074e+06,9.2097e+06,1.1553e+07,1.1759e+07,1.1491e+07
1.895e+06,9.7149e+07,1.0295e+08,1.2377e+08,1.1983e+08,1.1917e+08
1.1387e+06,4.2626e+07,4.1898e+07,4.6906e+07,4.8314e+07,4.6693e+07
15895,2.4295e+06,2.712e+06,2.4219e+06,2.2277e+06,2.1149e+06
17427,3.1571e+06,5.6735e+06,3.2352e+06,2.9494e+06,2.8843e+06
4.877e+05,1.8123e+07,1.6547e+07,2.0356e+07,1.9576e+07,1.991e+07
4.597e+05,1.7149e+07,1.5835e+07,1.9277e+07,1.8183e+07,1.8502e+07
77767,5.0961e+06,5.3324e+06,4.7347e+06,4.6467e+06,4.5694e+06
1.313e+05,7.98e+06,7.7953e+06,7.4363e+06,7.4671e+06,7.2233e+06
16431,2.525e+06,2.3068e+06,2.5526e+06,2.3779e+06,2.3576e+06
2.9992e+05,1.512e+07,2.2128e+07,1.4627e+07,1.4585e+07,1.6141e+07
8.6991e+05,6.0783e+07,6.0244e+07,5.6355e+07,6.1679e+07,3.4789e+07
2.6264e+05,1.093e+07,1.0545e+07,9.7597e+06,1.0133e+07,9.6141e+06
2.9016e+05,1.3911e+07,2.0752e+07,1.3589e+07,1.3604e+07,1.2658e+07
1.1954e+06,4.0541e+07,3.8483e+07,3.5089e+07,4.393e+07,3.5036e+07
44839,4.9569e+06,4.6271e+06,5.5658e+06,5.5752e+06,5.4522e+06
7.1425e+05,2.757e+07,2.3282e+07,2.8913e+07,2.7583e+07,2.8389e+07
3.6574e+05,1.6956e+07,1.6428e+07,1.6022e+07,1.6415e+07,1.4648e+07
8.7235e+05,3.6959e+07,4.5069e+07,3.5588e+07,3.6699e+07,3.3969e+07
5.7624e+05,1.9959e+07,2.0624e+07,2.1721e+07,2.1029e+07,2.1768e+07
70460,4.116e+06,3.874e+06,4.1733e+06,4.2353e+06,4.1419e+06
50268,3.6082e+06,4.5e+06,3.3391e+06,3.2502e+06,3.4717e+06
5.9507e+05,2.585e+07,2.6526e+07,2.4652e+07,2.5318e+07,2.3461e+07
60188,6.4196e+06,6.1207e+06,6.3554e+06,6.584e+06,6.611e+06
30743,2.9961e+06,2.9123e+06,3.2366e+06,2.869e+06,2.7451e+06
2.6648e+05,1.1586e+07,1.0981e+07,1.0684e+07,1.241e+07,1.2551e+07
2.3698e+06,1.0977e+08,2.422e+08,9.6752e+07,9.9769e+07,1.1283e+08
5.763e+05,2.3302e+07,2.2715e+07,2.0682e+07,2.1349e+07,2.1691e+07
5.4365e+05,1.9741e+07,1.9569e+07,1.8226e+07,1.8209e+07,1.8047e+07
3.3358e+05,1.6701e+07,2.3643e+07,1.4966e+07,1.5205e+07,1.7412e+07
73124,4.2611e+06,3.9906e+06,3.8008e+06,4.2311e+06,3.71e+06
2.666e+05,1.6285e+07,1.5373e+07,1.8621e+07,1.8518e+07,1.8411e+07
5.1242e+05,2.2653e+07,2.3739e+07,2.1831e+07,2.2045e+07,2.0764e+07
5.4174e+05,2.0014e+07,1.795e+07,2.22e+07,2.1498e+07,2.1507e+07
1950,1.7018e+06,1.5248e+06,1.4666e+06,1.4685e+06,1.4584e+06
2.3698e+06,1.1244e+08,1.296e+08,9.9711e+07,1.0369e+08,1.0046e+08
6.1944e+05,2.9421e+07,4.7996e+07,2.8527e+07,2.8733e+07,2.6609e+07
69276,7.1931e+06,4.2784e+06,4.0544e+06,4.799e+06,7.1001e+06
17467,2.5384e+06,2.6018e+06,2.4653e+06,2.2595e+06,2.1653e+06
56046,1.7238e+07,1.7243e+07,1.6817e+07,1.6938e+07,1.6825e+07
40504,3.5061e+06,3.35e+06,3.7615e+06,3.3773e+06,3.1382e+06
4.7271e+05,1.7262e+07,1.6406e+07,1.5324e+07,2.0037e+07,1.6159e+07
2.0464e+05,9.9666e+06,9.8562e+06,9.2476e+06,9.4697e+06,9.0369e+06
1.1432e+06,3.8931e+07,3.799e+07,4.2341e+07,4.3966e+07,4.305e+07
3591,1.803e+06,1.5929e+06,1.5818e+06,1.5801e+06,1.5463e+06
2.6255e+05,2.2985e+07,2.196e+07,1.4006e+07,1.1153e+07,1.0746e+07
1.0934e+06,4.3089e+07,4.237e+07,3.7498e+07,3.8849e+07,3.8028e+07
4.7271e+05,2.1932e+07,3.0343e+07,1.9776e+07,2.0174e+07,1.9764e+07
3.6385e+05,1.7881e+07,2.6003e+07,1.7381e+07,1.7408e+07,1.94e+07
1513,2.588e+06,2.3147e+06,2.4196e+06,2.2975e+06,2.2541e+06
8.4908e+05,3.5967e+07,3.4344e+07,3.2364e+07,3.3288e+07,3.9061e+07
5.6434e+07,2.1957e+09,2.0954e+09,1.9281e+09,1.9874e+09,1.9297e+09
5.4365e+05,1.9741e+07,1.9569e+07,1.8226e+07,1.8209e+07,1.8047e+07
92652,4.9989e+06,4.7889e+06,4.5552e+06,4.6303e+06,4.4847e+06
36652,3.5125e+06,3.9245e+06,3.3395e+06,3.1469e+06,3.0281e+06
73471,4.4793e+06,4.4412e+06,4.1686e+06,4.0611e+06,3.9053e+06
3.255e+05,1.2884e+07,1.1726e+07,1.406e+07,1.3564e+07,1.368e+07
42444,3.2993e+06,3.1249e+06,3.1853e+06,3.1165e+06,2.9659e+06
8.6991e+05,3.5374e+07,4.3229e+07,3.2723e+07,3.4392e+07,3.2719e+07
1.2773e+05,6.8427e+06,6.9358e+06,6.6943e+06,6.6906e+06,6.302e+06
13115,2.097e+06,1.9051e+06,2.2339e+06,1.9606e+06,1.8081e+06
23955,2.7344e+06,2.424e+06,2.7535e+06,2.4148e+06,2.2982e+06
1.94e+05,8.3141e+06,7.8126e+06,9.0367e+06,9.0347e+06,8.9522e+06
5.6762e+05,2.5024e+07,2.3523e+07,2.7435e+07,2.7355e+07,2.7542e+07
9306,2.0858e+06,1.8886e+06,1.9263e+06,1.8241e+06,1.7867e+06
39660,3.2398e+06,3.0374e+06,3.2535e+06,2.9479e+06,2.8095e+06
1.2773e+05,5.9716e+06,5.7655e+06,7.0109e+06,6.4305e+06,6.4031e+06
74512,4.3876e+06,3.9566e+06,4.4302e+06,4.4394e+06,4.3904e+06
16435,4.6512e+06,3.1156e+06,2.863e+06,2.7667e+06,3.5707e+06
1.4169e+06,5.0881e+07,4.9886e+07,5.6696e+07,5.6889e+07,5.6168e+07
